1
14
14
14
14
14
14
14
15
15
15
15
15
15
15
15
15
15
15
15
15
15
15
15
15
15
15
15
15
15
15
16
16
16
16
16
16
16
16
16
16
16
16
16
1
2
2
2
2
2
2
2
2
2
2
2
2
2
2
2
2
2
2
2
2
2
2
2
2
2
2
2
2
2
3
3
3
3
3
3
3
3
3
3
3
3
3
1
2
1
5
5
5
5
5
3
4
4
4
4
4
4
4
4
4
4
4
4
4
4
4
4
4
4
4
4
4
4
4
5
5
5
5
5
5
5
5
5
5
5
5
5
5
5
5
5
5
7
7
7
7
7
7
7
7
7
7
5
5
5
5
5
5
5
6
6
6
6
6
6
6
6
6
6
6
6
6
6
6
6
6
6
6
6
6
6
6
7
7
7
7
7
7
7
7
7
7
7
7
12
12
12
12
12
12
12
12
12
12
13
13
13
13
13
13
13
13
13
13
13
7
7
7
7
7
7
7
7
7
7
7
7
7
7
7
7
7
8
8
8
8
8
8
8
8
8
8
8
8
8
8
8
8
8
8
8
8
8
8
8
8
8
8
9
9
9
9
9
9
9
9
9
9
9
9
9
9
9
9
9
9
9
9
9
9
9
9
10
10
10
10
10
10
10
10
10
10
10
10
10
10
10
10
10
10
10
10
10
10
10
10
10
10
10
10
10
10
10
11
11
11
11
11
11
11
11
11
11
11
11
11
11
11
11
12
12
12
12
12
12
12
12
12
12
12
12
12
23
23
23
23
24
24
24
24
24
24
24
24
24
24
24
24
24
24
24
24
24
24
24
24
24
24
24
24
25
25
25
25
25
25
25
25
25
25
25
25
25
25
13
13
13
13
13
13
13
13
13
13
13
13
13
13
14
14
14
14
14
14
14
14
14
14
14
14
14
14
14
14
14
14
14
14
14
14
14
14
14
14
14
14
36
36
36
36
36
36
36
36
36
36
36
36
36
36
36
36
36
36
36
36
36
36
36
36
37
37
37
37
37
37
37
37
37
37
37
37
37
37
37
37
37
37
37
37
37
37
37
37
37
37
37
37
37
37
37
37
37
37
37
37
37
37
37
37
37
38
38
38
38
38
38
38
38
38
38
38
38
38
38
38
38
38
38
38
38
16
16
16
16
16
16
16
16
16
16
16
16
16
16
16
16
16
16
17
17
17
17
17
17
17
17
17
17
17
17
17
17
17
17
17
17
18
18
18
18
18
18
18
18
18
18
18
18
18
18
18
18
18
18
18
18
18
18
19
19
19
19
19
19
19
19
19
19
19
19
19
19
19
19
19
19
19
19
19
19
19
19
19
19
20
20
20
20
20
20
20
20
20
20
20
20
20
20
20
20
20
20
20
20
21
21
21
21
21
21
21
21
21
21
21
21
21
21
21
21
21
21
21
21
21
22
22
22
22
22
22
22
22
22
22
22
22
22
22
22
22
22
22
22
22
22
22
22
23
23
23
23
23
23
23
23
23
23
23
23
23
23
23
23
23
23
23
23
23
43
43
43
43
43
43
43
43
43
43
43
43
43
43
44
44
44
44
44
44
44
44
44
44
44
44
44
44
44
44
44
44
44
44
44
44
44
44
44
45
45
45
45
45
45
45
45
45
45
45
45
45
45
45
45
45
45
45
46
46
46
46
46
46
46
46
46
46
46
46
46
46
46
46
46
46
46
46
46
46
46
46
46
46
46
25
25
25
25
25
25
25
25
25
25
25
25
25
25
25
26
26
26
26
26
26
26
26
26
26
26
26
26
26
26
26
26
26
27
27
27
27
27
27
27
27
27
27
27
27
27
27
27
27
27
27
27
27
27
27
27
27
28
28
28
28
28
28
28
28
28
28
28
28
28
28
28
28
28
28
28
28
28
28
28
28
29
29
29
29
29
29
29
29
29
29
29
29
29
29
29
29
29
29
29
29
29
29
30
30
30
30
30
30
30
30
30
30
30
30
30
30
30
30
30
30
30
31
31
31
31
31
31
31
31
31
31
31
31
31
31
31
31
31
31
31
31
31
31
31
31
31
32
32
32
32
32
32
32
32
32
32
32
32
32
32
32
32
32
32
32
33
33
33
33
33
33
33
33
33
33
33
33
33
33
33
33
33
33
33
33
33
33
33
33
33
33
33
33
33
33
33
34
34
34
34
34
34
34
34
34
34
34
34
34
34
34
34
34
34
34
34
34
34
34
34
34
34
34
34
35
35
35
35
35
35
35
35
35
35
35
35
35
35
35
35
35
35
35
35
35
35
35
36
36
36
36
36
75
75
75
75
75
75
76
76
76
76
76
76
76
76
76
76
76
76
76
76
76
76
76
76
76
76
76
77
77
77
77
77
77
77
77
77
77
77
77
77
77
77
77
77
77
77
77
77
77
78
78
78
78
78
78
78
78
78
78
78
78
78
78
78
78
78
78
78
78
78
78
78
78
78
78
79
79
79
79
79
79
79
79
79
79
79
79
79
79
79
79
79
79
79
79
79
79
79
79
79
79
79
79
79
80
80
80
80
80
80
80
80
80
80
80
80
80
80
80
80
80
81
81
81
81
81
81
81
81
81
81
81
81
81
81
81
81
81
81
82
82
82
82
82
82
82
82
82
82
82
82
82
82
82
82
82
82
82
82
82
82
82
82
82
83
83
83
83
83
83
39
39
39
39
39
39
39
39
39
39
39
39
39
39
39
39
39
39
39
39
39
39
39
39
39
39
39
39
39
39
39
39
39
40
40
40
40
40
40
40
40
40
40
40
40
40
40
40
40
40
40
40
40
40
40
40
41
41
41
41
41
41
41
41
41
41
41
41
41
41
41
41
41
41
41
41
41
41
41
42
42
42
42
42
42
42
42
42
42
42
42
42
42
42
42
42
42
42
42
42
42
42
42
42
42
42
42
42
42
42
42
42
43
43
43
43
43
43
43
43
43
43
43
43
43
43
43
83
83
83
83
83
83
83
83
83
83
83
83
83
83
83
83
84
84
84
84
84
84
84
84
84
84
84
84
84
84
84
85
85
85
85
85
85
85
85
85
85
85
85
85
85
85
85
85
85
85
85
85
85
85
85
86
86
86
86
86
86
86
86
86
86
86
86
86
86
86
86
86
86
87
87
87
87
87
87
87
87
87
87
87
87
87
87
87
87
87
87
87
87
87
87
87
87
87
87
88
88
88
88
88
88
88
88
88
88
88
88
88
88
88
88
88
89
89
89
89
89
89
89
89
89
89
89
89
89
89
89
89
89
90
90
90
90
90
90
90
90
90
90
90
90
90
90
90
90
90
90
90
91
91
91
91
91
91
91
91
91
91
91
91
91
91
91
91
91
91
46
46
46
46
46
46
46
46
47
47
47
47
47
47
47
47
47
47
47
47
47
47
47
47
47
47
47
47
47
47
47
47
47
47
47
47
48
48
48
48
48
48
48
48
48
48
48
48
48
48
48
48
48
48
48
48
48
48
48
48
48
49
49
49
49
49
49
49
49
49
49
49
49
49
49
49
49
49
49
49
49
49
49
49
49
49
49
49
49
49
49
50
50
50
50
50
50
50
50
50
50
50
50
50
50
50
50
50
50
50
50
50
50
50
50
51
51
51
51
51
51
51
51
51
51
51
51
51
51
51
51
51
51
51
51
51
51
51
51
51
51
52
52
52
52
52
52
52
52
52
52
52
52
52
52
52
52
52
52
52
52
52
52
52
52
52
52
52
52
53
53
53
53
53
53
53
53
53
53
53
53
53
53
53
53
53
53
53
53
53
53
53
53
53
53
53
53
53
53
53
53
53
54
54
54
54
54
54
54
54
54
54
54
54
54
54
54
54
54
54
54
54
54
54
54
54
54
54
54
54
54
55
55
55
55
55
55
55
55
55
55
55
55
55
55
55
55
55
55
55
55
55
55
55
55
55
55
55
55
56
56
56
56
56
56
56
56
56
56
56
56
56
56
56
56
56
56
56
56
56
56
56
56
56
56
56
56
56
56
56
56
56
56
57
57
57
57
57
57
57
57
57
57
57
57
57
57
57
57
57
57
57
57
57
57
57
57
57
57
57
57
57
57
57
57
57
57
57
57
58
58
58
58
58
58
58
58
58
58
58
58
58
58
58
58
58
58
58
58
58
58
58
59
59
59
59
59
59
59
59
59
59
59
59
59
59
59
59
59
59
59
59
59
59
59
59
59
59
59
59
59
59
59
59
59
59
59
59
60
60
60
60
60
60
60
60
60
60
60
60
60
60
60
60
60
60
61
61
61
61
61
61
61
61
61
61
61
61
61
61
61
61
61
61
61
61
61
61
61
61
61
61
61
62
62
62
62
62
62
62
62
62
62
62
62
62
62
62
62
62
62
62
62
62
62
62
62
63
63
63
63
63
63
63
63
63
63
63
63
63
63
63
63
63
63
64
64
64
64
64
64
64
64
64
64
64
64
64
64
64
64
64
64
64
64
64
64
64
64
64
64
64
64
64
64
64
65
65
65
65
65
65
65
65
65
65
65
65
65
65
65
65
65
65
65
65
65
66
66
66
66
66
66
66
66
66
66
66
66
66
66
66
66
66
66
66
66
66
66
66
66
66
67
67
67
67
67
67
67
67
67
67
67
67
67
67
67
67
67
67
67
67
67
67
67
67
67
67
67
67
67
67
67
68
68
68
68
68
68
68
68
68
68
68
68
68
68
68
68
68
68
68
68
69
69
69
69
69
69
69
69
69
69
69
69
69
69
69
69
69
69
69
69
69
69
69
69
69
69
69
69
69
70
70
70
70
70
70
70
70
70
70
70
70
70
70
70
70
70
70
70
70
70
70
70
70
71
71
71
71
71
71
71
71
71
71
71
71
71
71
71
71
71
71
71
72
72
72
72
72
72
72
72
72
72
72
72
72
72
72
72
72
72
72
72
72
73
73
73
73
73
73
73
73
73
73
73
73
73
73
73
73
73
73
73
73
73
73
73
73
73
73
73
73
74
74
74
74
74
74
74
74
74
74
74
74
74
74
74
74
74
74
74
74
74
75
75
75
75
75
75
75
75
75
75
75
75
75
75
75
75
192
192
192
192
193
193
193
193
193
193
193
193
193
193
193
193
194
194
194
194
194
194
194
194
194
194
194
194
194
194
194
194
195
195
195
195
195
195
195
195
195
195
195
195
195
195
195
195
195
195
195
195
195
195
195
195
195
195
195
196
196
196
196
196
196
196
196
196
196
196
196
196
196
197
197
197
197
197
197
197
197
197
197
197
197
197
197
197
197
197
197
197
197
197
197
197
197
198
198
198
198
198
198
198
198
198
198
198
199
199
199
199
199
199
199
199
199
199
199
199
199
199
199
200
200
200
200
200
200
200
200
200
201
201
201
201
201
201
201
201
201
201
201
201
201
201
202
202
202
202
202
202
202
202
202
202
202
202
202
202
202
202
202
203
203
203
203
203
203
203
203
203
203
203
203
203
204
204
204
204
204
204
204
204
204
204
204
205
205
205
205
205
205
205
205
205
205
205
205
205
205
205
205
205
205
205
206
206
206
206
206
206
206
206
206
206
206
206
206
206
206
206
206
206
206
206
206
206
207
207
207
207
207
207
207
207
207
207
207
207
207
207
208
208
208
208
208
208
208
208
209
209
209
209
209
209
209
209
209
209
209
209
209
209
209
209
210
210
210
210
210
210
210
210
210
210
210
210
210
211
211
211
211
211
211
211
211
211
211
211
211
211
211
211
211
211
211
211
211
211
212
212
212
212
212
212
212
212
212
213
213
213
213
213
213
213
213
213
213
213
214
214
214
214
214
214
214
214
214
214
214
214
214
214
214
214
214
214
214
214
215
215
215
215
215
215
215
215
215
215
215
215
215
215
215
215
215
215
215
216
216
216
216
216
216
216
216
216
216
216
216
216
216
217
217
217
217
217
217
217
217
217
217
218
218
218
218
218
218
218
218
218
218
218
218
218
218
219
219
219
219
219
219
219
219
219
219
219
219
220
220
220
220
220
220
220
220
220
220
220
220
220
220
220
220
220
220
220
220
220
221
221
221
221
221
221
221
221
221
221
221
221
221
221
221
222
222
222
222
222
222
222
222
222
222
222
222
222
223
223
223
223
223
223
223
223
223
223
223
223
223
223
223
223
223
223
223
223
224
224
224
224
224
224
224
224
224
224
224
224
224
224
225
225
225
225
225
225
225
225
225
225
225
225
225
226
226
226
226
226
226
226
226
226
226
226
226
226
226
226
226
227
227
227
227
227
227
227
227
227
227
227
227
227
227
228
228
228
228
228
228
228
228
228
228
229
229
229
229
229
229
229
229
229
229
229
229
229
229
229
229
229
230
230
230
230
230
230
230
230
230
230
230
230
230
230
230
231
231
231
231
231
231
231
231
231
231
231
231
232
232
232
232
232
232
232
232
232
232
232
232
232
232
232
232
233
233
233
233
233
233
233
233
233
233
233
233
233
234
234
234
234
234
234
234
234
234
234
234
234
234
234
234
234
235
235
235
235
235
235
235
235
235
236
236
236
236
236
236
236
236
236
237
237
237
237
237
237
237
237
237
237
237
238
238
238
238
238
238
238
238
238
238
238
238
238
238
238
238
239
239
239
91
92
92
92
92
92
92
92
92
92
92
92
92
92
92
92
92
92
92
92
92
92
92
92
92
93
93
93
93
93
93
93
93
93
93
93
93
93
93
93
93
93
93
93
93
93
93
94
94
94
94
94
94
94
94
94
94
94
94
94
94
94
94
94
95
95
95
95
95
95
95
95
95
95
95
95
95
95
95
95
95
95
95
95
95
96
96
96
96
96
96
96
96
96
96
96
96
96
96
97
97
97
97
97
97
97
97
97
97
97
97
97
97
97
97
97
97
97
97
98
98
98
98
98
98
98
98
98
98
98
98
99
99
99
99
99
99
99
99
99
99
99
99
99
99
99
99
99
99
99
99
99
99
100
100
100
100
100
100
100
100
100
100
100
100
100
100
100
100
100
101
101
101
101
101
101
101
101
101
101
101
101
101
101
101
101
101
101
101
102
102
102
102
102
102
102
102
102
102
102
102
102
103
103
103
103
103
103
103
103
103
103
103
103
103
103
103
103
103
103
103
103
104
104
104
104
104
104
104
104
104
104
104
104
104
104
104
104
104
104
104
104
104
104
104
105
105
105
105
105
105
105
105
105
105
105
105
105
105
105
105
105
105
105
106
106
106
106
106
106
106
106
106
106
106
106
106
106
106
106
106
106
106
107
107
107
107
107
107
107
107
107
107
107
107
107
107
108
108
108
108
108
108
108
108
108
108
108
108
108
109
109
109
109
109
109
109
109
109
109
109
109
109
109
109
109
109
109
109
109
110
110
110
110
110
110
110
110
110
110
110
110
110
110
110
111
111
111
111
111
111
111
111
111
111
111
111
111
111
111
111
111
111
112
112
112
112
112
112
112
112
112
112
112
112
112
112
112
112
112
112
112
112
113
113
113
113
113
113
113
113
113
113
113
114
114
114
114
114
114
114
114
114
114
114
114
115
115
115
115
115
115
115
115
115
115
115
115
115
115
115
115
115
115
116
116
116
116
116
116
116
116
116
116
116
116
116
116
116
116
116
116
116
116
117
117
117
117
117
117
117
117
117
117
117
117
117
117
117
117
117
117
117
118
118
118
118
118
118
118
118
118
118
118
118
118
118
119
119
119
119
119
119
119
119
119
119
119
119
119
119
119
119
120
120
120
120
120
120
120
120
120
120
120
120
120
120
121
121
121
121
121
121
121
121
121
121
121
121
121
121
121
121
121
122
122
122
122
122
122
122
122
122
122
122
122
122
122
122
122
122
122
122
123
123
123
123
123
123
123
123
123
123
123
123
123
123
123
123
123
123
123
123
124
124
124
124
124
124
124
124
124
124
124
124
124
124
124
125
125
125
125
125
125
125
125
125
125
125
125
125
125
126
126
126
126
126
126
126
126
126
126
126
126
126
126
126
126
127
127
127
127
127
127
127
127
127
127
127
127
127
127
127
127
127
127
128
128
128
128
128
128
128
128
128
128
128
128
129
129
129
129
129
129
129
129
129
129
129
129
129
129
129
129
129
129
130
130
130
130
130
130
130
130
130
130
130
130
130
130
130
130
130
130
130
130
130
130
130
130
131
131
131
131
131
131
131
131
131
131
131
131
131
131
132
132
132
132
132
132
132
132
132
132
132
132
132
132
132
132
132
132
132
132
133
133
133
133
133
133
133
133
133
133
133
133
133
133
133
133
133
133
133
134
134
134
134
134
134
134
134
134
134
134
134
134
134
135
135
135
135
135
135
135
135
135
135
135
135
135
135
135
135
135
135
136
136
136
136
136
136
136
136
136
136
136
136
136
136
136
136
136
137
137
137
137
137
137
137
137
137
137
137
137
137
137
137
137
137
138
138
138
138
138
138
138
138
138
138
138
138
138
138
138
138
138
138
138
139
139
139
139
139
139
139
139
139
139
139
139
139
139
139
139
139
139
139
139
139
140
140
140
140
140
140
140
140
140
140
140
140
140
140
140
140
140
140
140
140
140
140
140
140
140
140
141
141
141
141
141
141
141
141
141
141
141
141
141
141
141
141
141
141
141
141
141
141
141
142
142
142
142
142
142
142
142
142
142
142
142
142
142
142
142
142
142
142
143
143
143
143
143
143
143
143
143
143
143
143
143
143
143
144
144
144
144
144
144
144
144
144
144
145
145
145
145
145
145
145
145
145
145
145
145
145
145
145
145
145
145
146
146
146
146
146
146
146
146
146
146
146
146
146
146
146
146
146
146
146
146
146
146
146
146
147
147
147
147
147
147
147
147
147
147
147
147
148
148
148
148
148
148
148
148
148
148
148
148
148
149
149
149
149
149
149
149
149
149
149
149
149
149
149
150
150
150
150
150
150
150
150
150
150
150
150
150
150
150
150
151
151
151
151
151
151
151
151
151
151
152
152
152
152
152
152
152
152
152
152
152
152
152
152
152
152
152
152
153
153
153
153
153
153
153
153
153
153
153
153
153
153
153
153
154
154
154
154
154
154
154
154
154
154
154
154
154
154
154
154
155
155
155
155
155
155
155
155
155
155
155
155
155
155
156
156
156
156
156
156
156
156
156
156
156
156
156
156
156
156
156
157
157
157
157
157
157
157
157
157
157
157
157
157
157
157
157
157
157
157
157
158
158
158
158
158
158
158
158
158
158
158
158
158
158
158
159
159
159
159
159
159
159
159
159
159
159
159
159
159
159
159
159
159
160
160
160
160
160
160
160
160
160
160
160
160
160
160
161
161
161
161
161
161
161
161
161
161
161
161
161
161
161
161
161
161
161
161
161
162
162
162
162
162
162
162
162
162
162
162
162
162
162
162
162
162
162
163
163
163
163
163
163
163
163
163
163
163
163
163
163
164
164
164
164
164
164
164
164
164
164
165
165
165
165
165
165
165
165
166
166
166
166
166
166
166
166
166
166
166
166
166
166
166
167
167
167
167
167
167
167
167
167
167
167
167
167
167
167
167
168
168
168
168
168
168
168
168
168
168
168
168
168
168
168
168
168
168
169
169
169
169
169
169
169
169
169
169
169
169
169
170
170
170
170
170
170
170
170
170
170
170
170
170
171
171
171
171
171
171
171
171
171
171
171
171
171
172
172
172
172
172
172
172
172
172
172
172
172
172
172
172
173
173
173
173
173
173
173
173
173
173
173
173
174
174
174
174
174
174
174
174
174
174
174
174
174
174
175
175
175
175
175
175
175
175
175
175
175
175
175
175
176
176
176
176
176
176
176
176
176
176
176
176
176
176
177
177
177
177
177
177
177
177
177
177
177
177
177
177
178
178
178
178
178
178
178
178
178
178
178
178
178
178
178
178
178
178
179
179
179
179
179
179
179
179
179
179
179
179
179
179
179
179
179
179
179
179
180
180
180
180
180
180
180
180
180
180
180
180
180
180
180
181
181
181
181
181
181
181
181
181
181
181
181
181
181
181
182
182
182
182
182
182
182
182
182
182
182
182
182
182
182
182
182
182
183
183
183
183
183
183
183
183
183
183
183
183
183
183
183
183
183
183
183
183
183
184
184
184
184
184
184
184
184
184
184
184
184
184
184
184
185
185
185
185
185
185
185
185
185
185
185
186
186
186
186
186
186
186
186
186
186
187
187
187
187
187
187
187
187
187
187
187
187
187
187
187
187
187
188
188
188
188
188
188
188
188
188
188
188
188
188
188
188
188
188
188
188
188
188
188
188
188
188
188
188
189
189
189
189
189
189
189
189
189
189
189
189
189
189
189
189
189
189
189
189
190
190
190
190
190
190
190
190
190
190
190
190
190
190
190
190
190
190
190
190
190
190
190
191
191
191
191
191
191
191
191
191
191
191
191
191
191
191
191
191
191
191
191
192
192
192
192
192
192
192
192
192
192
192
637
637
637
638
638
638
638
638
639
639
639
639
639
639
639
640
640
640
640
640
640
641
641
641
641
641
641
641
642
642
642
643
643
643
643
643
644
644
644
644
644
644
644
644
644
644
645
645
645
645
645
646
646
647
647
647
647
648
648
649
649
649
649
649
649
650
650
650
650
652
652
652
653
654
654
654
655
655
655
655
655
656
656
656
656
656
657
658
658
658
659
659
659
659
659
660
660
660
660
660
661
661
661
661
662
662
662
662
662
662
663
663
663
663
663
664
664
664
665
665
665
665
665
666
666
666
667
667
668
668
668
668
668
668
669
669
669
669
669
669
670
670
670
670
671
671
671
672
672
673
673
673
674
674
674
674
674
675
675
676
676
676
677
677
678
678
678
678
679
679
679
679
679
679
680
680
680
680
680
680
680
681
681
681
682
682
682
682
682
682
682
683
683
683
684
684
684
685
685
685
685
685
685
685
685
685
686
686
686
686
686
687
687
687
687
687
687
687
688
688
688
688
689
689
690
690
690
690
690
690
690
690
691
691
691
691
691
692
692
692
692
692
692
692
693
693
693
694
694
694
694
695
695
695
695
695
695
695
695
695
696
696
696
696
696
697
697
697
697
698
698
698
699
699
699
700
700
700
700
700
700
701
702
702
702
703
703
703
703
703
703
703
704
704
704
704
704
705
705
706
706
706
706
706
706
706
707
707
707
707
708
708
709
710
710
710
711
711
711
712
712
712
712
713
713
713
714
714
714
715
715
715
715
715
716
716
717
717
718
719
719
719
720
720
720
720
720
721
721
722
722
722
722
722
723
723
723
723
724
724
725
725
725
725
726
726
726
726
726
726
726
727
727
728
729
729
729
730
730
730
730
731
731
731
731
732
732
732
732
732
732
732
732
733
733
733
733
733
734
734
734
734
735
735
735
735
735
735
736
736
736
737
737
737
738
739
739
739
740
740
740
740
741
741
741
741
741
741
741
742
742
742
742
742
742
742
743
743
744
744
745
745
746
746
746
746
747
748
748
748
748
749
749
749
749
750
750
750
750
752
752
752
753
753
753
754
754
754
754
754
755
755
755
756
756
756
758
758
758
759
759
759
759
759
759
760
760
760
760
760
761
761
762
762
762
762
762
763
763
764
764
764
764
764
764
764
765
765
765
765
766
766
766
766
767
767
767
768
768
768
768
768
768
768
769
769
769
769
769
770
770
770
770
771
771
771
772
773
773
774
774
774
774
775
775
775
775
775
776
776
776
776
776
777
777
777
778
778
778
778
779
779
779
779
780
780
781
781
781
781
782
782
782
782
782
782
783
783
783
783
783
784
784
784
784
784
785
785
785
785
785
785
785
785
785
785
786
786
786
787
787
787
787
787
787
787
788
788
788
789
789
789
789
789
790
790
790
790
790
792
792
792
792
792
793
793
793
793
794
794
794
795
795
795
795
796
796
797
797
797
797
798
798
798
798
798
799
799
799
799
799
799
799
799
800
800
800
801
801
802
802
802
802
803
803
804
805
805
805
805
805
806
807
807
807
808
808
808
808
809
809
809
810
810
810
811
811
812
812
812
812
813
813
813
813
814
814
814
814
814
815
815
815
816
816
816
816
816
816
817
817
817
819
819
819
819
820
820
820
821
821
822
822
822
822
822
823
823
823
824
825
825
826
826
826
826
826
826
827
827
827
827
828
828
828
828
829
829
830
830
830
830
831
831
831
832
833
833
834
834
834
834
834
835
835
835
835
835
836
836
836
836
836
836
837
837
837
838
839
839
839
839
840
840
840
840
841
841
841
841
842
842
842
842
842
843
843
844
844
844
844
846
846
847
847
847
847
847
848
848
849
850
850
851
851
851
851
851
852
852
852
853
854
854
854
855
855
856
856
857
857
857
857
857
858
859
859
860
860
861
861
861
861
861
862
862
862
862
862
862
862
863
863
863
863
864
865
865
865
865
866
866
866
866
867
867
867
867
867
868
868
868
869
869
869
869
870
871
871
871
872
872
873
873
873
873
874
874
875
875
875
876
876
877
877
877
877
878
878
878
878
878
879
879
879
880
880
880
880
880
880
880
880
880
881
881
881
881
881
882
882
882
883
884
884
885
885
885
885
886
886
886
886
886
887
887
887
887
887
887
889
889
889
889
889
890
890
890
890
891
891
893
893
893
894
894
894
895
895
895
896
896
898
898
898
899
899
899
901
901
901
901
901
902
903
904
904
904
904
904
905
906
906
907
907
907
908
908
908
909
909
910
910
911
912
912
913
913
914
915
915
916
916
916
916
917
918
918
918
919
920
920
921
922
922
923
923
923
923
924
924
924
925
925
926
926
927
927
927
928
928
929
929
930
930
930
930
931
931
932
932
932
933
933
933
934
935
936
936
936
936
937
938
941
941
941
941
941
941
942
942
943
944
944
944
945
946
947
947
948
948
948
949
949
950
950
950
950
952
954
954
954
955
955
956
956
956
957
958
958
958
959
960
961
961
962
962
962
963
963
963
964
964
964
965
965
966
966
966
967
967
967
967
968
969
969
969
969
969
969
969
970
970
971
971
971
971
972
973
974
974
974
974
974
975
975
975
975
975
976
976
976
977
977
977
977
980
980
980
982
982
982
983
983
984
985
985
987
987
987
987
988
988
988
988
989
990
990
990
990
991
991
991
992
992
992
992
992
993
993
993
993
994
995
995
995
996
996
996
997
997
998
999
999
999
999
999
999
1000
1000
1000
1001
1001
1001
1002
1003
1003
1004
1004
1004
1004
1004
1005
1005
1006
1007
1007
1008
1008
1008
1009
1010
1011
1011
1011
1012
1012
1012
1013
1014
1014
1014
1016
1017
1018
1019
1020
1020
1020
1020
1021
1021
1023
1024
1025
1025
1025
1025
1025
1026
1026
1026
1026
1027
1027
1028
1028
1028
1029
1029
1029
1029
1030
1030
1031
1031
1032
1032
1032
1032
1033
1033
1034
1035
1036
1036
1037
1037
1038
1039
1039
1039
1040
1040
1040
1041
1041
1041
1041
1042
1042
1043
1044
1044
1044
1045
1045
1048
1048
1048
1049
1050
1051
1051
1051
1051
1052
1052
1053
1053
1053
1053
1054
1054
1055
1057
1057
1057
1058
1058
1058
1059
1060
1060
1060
1060
1061
1061
1063
1063
1063
1064
1064
1064
1065
1065
1065
1066
1066
1067
1067
1068
1068
1068
1069
1069
1069
1070
1070
1070
1071
1072
1072
1073
1073
1073
1074
1074
1075
1075
1075
1075
1076
1076
1076
239
239
239
240
240
240
240
240
240
240
240
240
240
240
240
240
240
240
240
240
240
240
240
241
241
241
241
241
241
241
241
241
241
241
241
241
242
242
242
242
242
242
242
242
242
242
242
242
242
242
242
242
242
242
243
243
243
243
243
243
243
243
244
244
244
244
244
244
244
244
244
244
244
244
244
244
244
244
245
245
245
245
245
245
246
246
246
246
246
246
246
246
246
247
247
247
247
247
247
247
247
247
247
248
248
248
248
248
248
248
248
248
248
248
249
249
249
249
249
249
249
249
249
249
249
249
249
249
249
249
249
249
249
250
250
250
250
250
250
250
250
250
250
250
250
250
250
250
250
251
251
251
251
251
251
251
251
251
251
251
251
251
251
252
252
252
252
252
252
252
252
252
252
252
252
252
252
252
252
252
252
253
253
253
253
253
253
253
254
254
254
254
254
254
254
254
254
254
254
254
254
254
255
255
255
255
255
255
255
255
255
256
256
256
256
256
256
256
256
256
256
256
256
257
257
257
257
257
257
257
257
257
257
257
257
257
257
257
257
257
257
258
258
258
258
258
258
258
258
258
259
259
259
259
259
259
259
259
259
259
259
259
259
259
259
259
260
260
260
260
260
260
260
260
260
260
260
260
260
260
261
261
261
261
261
261
261
261
261
261
261
261
261
261
262
262
262
262
262
262
262
262
262
262
262
262
262
263
263
263
263
263
263
263
263
263
264
264
264
264
264
265
265
265
265
265
265
265
265
265
265
266
266
266
266
266
266
266
266
266
266
266
266
267
267
267
267
267
267
267
267
268
268
268
268
268
268
268
268
268
268
268
269
269
269
269
269
269
269
269
269
269
269
269
269
269
269
270
270
270
270
270
270
270
270
270
270
270
270
270
270
270
271
271
271
271
271
271
271
271
271
272
272
272
272
272
272
272
272
272
272
273
273
273
273
273
273
273
273
273
274
274
274
274
274
274
274
274
274
274
274
274
274
275
275
275
275
275
275
275
275
275
275
275
275
275
275
275
275
275
276
276
276
276
276
276
276
276
276
276
276
276
276
277
277
277
277
277
277
277
277
277
277
277
278
278
278
278
278
278
278
278
278
278
278
278
278
278
278
279
279
279
279
279
279
279
279
279
280
280
280
280
280
280
280
280
280
281
281
281
281
281
281
281
281
282
282
282
282
282
282
282
282
282
282
282
282
282
282
283
283
283
283
283
283
283
283
283
283
283
284
284
284
284
284
284
284
284
284
284
284
284
284
284
285
285
285
285
285
285
285
286
286
286
286
286
286
286
286
286
286
286
286
286
286
287
287
287
287
287
287
287
287
287
287
288
288
288
288
288
288
288
288
288
288
288
289
289
289
289
289
289
289
289
289
289
289
289
290
290
290
290
290
290
291
291
291
291
291
291
291
291
291
291
291
292
292
292
292
292
292
292
292
292
293
293
293
293
293
293
293
293
293
293
294
294
294
294
294
294
294
294
294
294
294
294
294
295
295
295
295
295
295
295
295
295
295
295
296
296
296
296
296
296
296
296
296
296
296
296
296
296
297
297
297
297
297
297
297
298
298
298
298
298
298
298
298
298
298
298
298
298
298
298
298
298
298
299
299
299
299
299
299
299
299
299
299
299
299
299
299
300
300
300
300
300
300
300
300
300
300
301
301
301
301
301
301
301
301
301
301
301
301
301
301
301
301
302
302
302
302
302
302
302
302
302
302
302
302
303
303
303
303
303
303
303
303
304
304
304
304
304
304
305
305
305
305
305
305
305
305
305
305
306
306
306
306
306
306
306
306
306
306
306
306
306
307
307
307
307
307
307
307
307
308
308
308
308
308
308
308
308
308
308
309
309
309
309
309
309
309
309
309
309
309
309
310
310
310
310
310
310
310
310
310
311
311
311
311
311
311
311
311
311
311
312
312
312
312
312
312
312
312
312
312
312
312
312
312
313
313
313
313
313
313
313
313
313
313
313
314
314
314
314
314
314
314
314
314
314
315
315
315
315
315
315
315
315
315
315
315
316
316
316
316
316
316
316
316
316
316
316
316
317
317
317
317
317
317
317
317
318
318
318
318
318
318
318
318
318
319
319
319
319
319
319
319
319
320
320
320
320
320
320
321
321
321
321
321
321
321
322
322
322
322
322
322
322
322
322
322
323
323
323
323
323
323
323
323
324
324
324
324
324
324
324
324
324
324
324
324
324
325
325
325
325
325
325
325
325
325
325
325
325
325
325
326
326
326
326
326
326
326
326
326
326
327
327
327
327
327
327
327
327
327
327
327
328
328
328
328
328
328
328
328
329
329
329
329
329
329
329
329
330
330
331
331
331
331
331
331
331
331
331
331
331
332
332
332
332
332
332
332
332
332
333
333
333
333
333
333
333
333
333
333
333
333
333
333
334
334
334
334
334
335
335
335
335
335
335
335
335
335
336
336
336
337
337
337
337
337
337
337
337
337
338
338
338
338
338
338
338
338
338
338
338
339
339
339
339
339
339
339
339
339
339
339
339
339
339
340
340
340
340
340
340
340
340
340
340
340
340
340
341
341
341
341
341
341
341
341
341
341
341
341
342
342
342
342
342
342
342
343
343
343
343
343
344
344
344
344
344
344
344
345
345
345
345
345
345
345
345
345
345
345
346
346
346
346
346
346
346
346
346
346
346
346
346
346
346
346
347
347
347
347
348
348
348
348
348
348
349
349
349
349
349
349
349
349
349
349
349
350
350
350
350
350
350
350
351
351
351
351
351
351
351
352
352
352
352
353
353
353
353
353
353
353
354
354
354
354
354
354
354
354
354
355
355
355
355
355
355
355
355
355
356
356
356
356
356
356
357
357
357
357
357
357
357
357
357
357
357
358
358
358
358
358
358
358
359
359
359
359
359
359
359
359
359
360
360
360
360
360
360
361
361
361
361
361
361
362
362
362
362
362
362
362
362
362
362
362
362
362
362
363
363
363
363
363
363
363
363
364
364
364
364
365
365
365
365
365
365
365
365
365
365
365
365
365
365
365
365
365
365
366
366
366
366
366
366
366
366
366
367
367
367
367
367
367
368
368
368
368
368
368
368
368
368
368
368
368
368
368
369
369
369
369
369
369
369
369
369
369
369
369
370
370
370
370
370
370
370
371
371
371
371
371
371
371
371
371
371
372
372
372
372
372
372
372
372
373
373
373
373
373
373
373
373
374
374
374
374
374
374
374
374
375
375
375
375
375
375
375
376
376
376
376
376
376
377
377
377
377
377
377
378
378
378
378
379
379
379
379
379
379
379
379
379
379
380
380
380
380
380
380
380
380
381
381
381
381
381
381
381
381
381
381
382
382
382
382
382
382
382
382
382
382
382
383
383
383
383
383
383
384
384
384
384
384
384
384
384
385
385
385
385
385
385
385
385
385
385
385
386
386
386
386
386
386
386
386
386
386
386
386
387
387
387
387
387
387
388
388
388
388
388
388
388
388
388
388
389
389
389
389
389
389
389
389
389
389
389
389
390
390
390
390
390
390
390
390
390
390
390
391
391
391
391
391
392
392
392
392
392
392
392
392
392
392
392
392
392
393
393
393
393
393
393
393
393
393
393
393
393
394
394
394
394
394
394
394
394
394
394
394
394
394
395
395
395
395
395
395
395
395
395
395
395
396
396
396
396
396
396
396
396
397
397
397
397
397
397
397
398
398
398
398
398
398
398
398
398
398
399
399
399
399
399
399
399
400
400
400
400
400
401
401
401
401
401
401
401
401
401
401
401
401
402
402
402
402
402
402
402
402
403
403
403
403
403
403
403
403
403
404
404
404
404
404
404
405
405
405
405
405
405
406
406
406
406
406
406
406
406
406
406
406
406
406
406
406
406
406
406
407
407
407
407
407
407
407
407
407
408
408
408
408
408
408
408
408
409
409
409
409
409
409
409
409
409
409
409
410
410
410
410
410
410
411
411
411
411
411
411
411
412
412
412
412
412
412
412
412
412
412
413
413
413
413
413
414
414
414
414
414
414
415
415
415
415
415
415
415
416
416
416
416
416
416
416
416
417
417
417
417
417
417
417
417
417
418
418
418
418
418
418
419
419
419
419
419
419
419
419
419
420
420
420
420
420
420
420
420
420
421
421
421
421
421
421
421
421
421
421
421
421
421
421
421
421
422
422
422
422
422
422
423
423
423
423
423
423
424
424
424
424
424
424
424
424
424
424
424
424
425
425
425
425
425
425
425
425
425
425
425
426
426
426
426
426
426
426
426
426
426
427
427
427
427
427
427
427
427
427
427
427
427
428
428
428
428
428
428
428
429
429
429
429
429
429
430
430
430
430
430
430
430
430
430
430
430
430
431
431
431
431
431
431
431
431
431
431
432
432
432
432
432
432
432
432
432
432
432
432
432
433
433
433
433
433
433
433
434
434
434
434
434
434
434
434
434
434
435
435
435
435
435
435
435
435
435
435
436
436
436
436
436
436
436
436
437
437
437
437
437
437
437
437
437
437
437
437
438
438
438
438
438
438
438
439
439
439
440
440
440
440
440
440
440
440
440
440
440
440
440
441
441
441
441
441
441
441
441
441
441
441
442
442
442
442
442
442
442
442
442
442
442
442
442
442
443
443
443
443
443
443
443
443
443
443
443
443
443
443
444
444
444
444
444
444
444
444
444
444
444
444
445
445
445
445
445
445
445
445
446
446
446
446
446
446
446
446
446
446
446
446
446
446
447
447
447
447
447
447
447
448
448
448
448
448
449
449
449
449
449
449
449
449
449
449
449
449
449
450
450
450
450
450
450
450
450
451
451
451
451
451
451
451
451
451
452
452
452
452
452
452
452
452
452
452
452
452
452
452
452
453
453
453
453
453
453
453
453
453
454
454
454
454
454
454
454
454
455
455
455
455
455
455
455
455
455
455
455
456
456
456
456
456
456
456
456
456
457
457
457
457
457
457
458
458
458
458
458
458
458
458
458
458
459
459
459
459
459
459
459
459
459
459
459
459
459
460
460
460
460
460
460
460
460
460
461
461
461
461
461
461
461
461
461
461
461
461
461
461
462
462
462
462
462
462
462
462
462
462
463
463
463
463
463
463
464
464
464
464
464
464
464
464
465
465
465
465
465
465
465
465
465
465
465
465
466
466
466
466
466
466
466
466
466
467
467
467
467
467
467
467
468
468
468
468
468
468
468
468
468
469
469
469
469
469
469
469
469
469
469
469
469
469
469
470
470
470
470
470
470
470
470
471
471
471
471
471
471
471
471
471
472
472
472
472
472
472
472
473
473
473
473
473
473
473
473
473
473
474
474
474
474
474
474
474
474
475
475
475
475
475
475
475
475
476
476
476
476
476
476
476
476
476
476
476
477
477
477
477
477
477
477
477
477
477
477
477
477
478
478
478
478
478
478
478
478
478
478
478
478
478
478
479
479
479
479
479
479
480
480
480
480
480
480
480
481
481
481
481
481
481
481
482
482
482
482
482
482
482
482
482
482
483
483
483
483
483
483
484
484
484
484
484
484
484
485
485
485
485
485
485
485
485
486
486
486
486
486
486
486
486
486
486
486
486
486
486
486
487
487
487
487
487
487
487
487
487
487
487
487
487
487
487
488
488
488
488
488
488
488
488
489
489
489
489
489
489
489
490
490
490
490
490
491
491
491
491
491
491
491
491
491
491
492
492
492
492
492
492
492
492
492
492
492
493
493
493
493
493
493
493
493
493
493
493
493
494
494
494
494
494
494
494
494
494
495
495
495
495
495
495
495
495
495
495
495
495
496
496
496
496
497
497
497
497
497
498
498
498
498
498
498
498
498
498
498
498
498
499
499
499
499
499
500
500
500
500
500
500
500
501
501
501
501
501
501
502
502
502
502
502
502
502
502
503
503
503
503
504
504
504
504
504
504
504
504
504
504
504
504
505
505
505
505
505
505
505
506
506
506
506
506
506
507
507
507
507
507
508
508
508
508
508
508
508
508
509
509
509
509
509
509
509
509
509
509
509
509
510
510
510
510
510
510
510
510
510
510
510
510
511
511
511
511
511
512
512
512
512
512
512
512
512
512
513
513
513
513
514
514
514
514
514
514
514
514
514
515
515
515
516
516
516
516
516
516
517
517
517
517
517
517
517
517
517
517
517
518
518
518
518
518
518
518
519
519
519
519
519
519
519
519
519
519
519
519
519
519
520
520
520
520
520
520
520
520
520
520
520
520
520
520
520
521
521
521
521
521
521
522
522
522
522
522
522
522
522
522
523
523
523
523
523
523
523
524
524
525
525
525
525
525
525
526
526
526
526
526
526
526
526
527
527
527
527
527
527
527
527
527
527
527
527
527
527
527
528
528
528
528
528
528
529
529
529
529
530
530
530
530
530
530
530
530
530
530
531
531
531
531
531
531
532
532
532
532
532
533
533
533
533
533
533
533
533
533
533
533
533
533
534
534
534
535
535
535
535
535
535
535
535
535
535
535
535
535
535
535
536
536
537
537
537
537
537
537
537
537
538
538
538
538
538
538
538
538
538
538
538
539
539
539
539
539
540
540
540
540
541
541
541
541
541
541
542
542
542
542
542
542
542
542
542
543
543
543
543
543
543
543
543
543
543
544
544
544
544
544
544
544
544
544
544
545
545
545
545
545
545
545
546
546
546
546
546
546
546
546
546
547
547
547
547
547
548
548
548
548
548
548
548
548
548
549
549
549
549
549
549
550
550
551
551
551
551
551
551
551
551
552
552
552
552
552
552
552
552
552
553
553
553
553
553
553
553
553
554
554
554
554
555
555
556
556
556
556
556
556
557
557
557
557
557
557
557
558
558
558
558
558
558
559
559
559
559
559
559
560
560
560
560
561
561
561
561
561
561
561
561
561
562
562
562
562
562
562
563
563
563
563
563
564
564
564
565
565
565
565
565
565
566
566
566
566
566
566
566
567
567
567
567
567
567
567
567
567
567
568
568
568
568
568
568
568
568
568
569
569
569
569
569
569
570
570
570
570
571
571
571
571
571
571
571
572
572
572
572
572
572
572
572
572
573
573
573
573
573
574
574
574
574
574
574
574
574
574
574
574
575
575
575
575
575
576
576
576
577
577
578
578
578
578
578
579
579
579
579
579
579
579
579
579
579
580
580
580
580
580
580
580
580
581
581
581
581
581
582
582
582
582
582
582
583
583
583
583
583
583
583
584
584
584
584
584
584
584
584
585
585
585
585
585
585
585
585
586
586
586
586
586
587
588
589
589
589
589
589
589
590
590
590
590
590
590
591
591
591
591
591
591
591
591
591
592
592
592
593
593
593
593
593
593
594
594
594
594
594
594
595
595
595
596
596
596
597
598
598
598
598
599
600
600
600
600
600
600
600
601
601
601
601
601
601
601
601
602
602
602
602
602
603
603
603
603
603
604
604
604
604
604
605
605
605
605
606
606
606
606
607
607
607
607
607
607
607
607
607
607
608
608
608
608
608
608
609
609
609
609
609
610
610
610
610
610
610
610
610
611
611
611
611
611
612
612
612
612
612
612
613
613
613
613
613
614
614
614
614
615
615
615
615
615
615
615
616
616
616
616
617
617
617
617
618
619
619
619
619
619
619
619
619
620
621
621
621
621
621
622
622
622
622
623
624
624
624
624
624
624
625
625
625
625
625
625
626
626
626
626
626
627
627
627
627
629
629
629
629
630
630
630
630
631
631
631
631
631
631
632
632
632
632
632
632
632
633
633
633
634
634
634
634
635
635
635
635
635
635
635
635
635
636
636
636
636
637
637
637
1076
1076
1076
1077
1077
1077
1077
1078
1079
1079
1079
1079
1080
1080
1080
1080
1081
1081
1081
1082
1082
1082
1084
1084
1084
1084
1084
1084
1085
1085
1085
1086
1086
1086
1086
1087
1087
1087
1088
1088
1090
1090
1090
1090
1090
1091
1091
1091
1092
1092
1093
1093
1093
1093
1094
1094
1095
1095
1096
1096
1097
1097
1097
1098
1098
1099
1099
1100
1101
1102
1102
1102
1102
1103
1103
1103
1103
1104
1104
1104
1104
1105
1106
1106
1107
1107
1108
1109
1109
1109
1111
1112
1113
1113
1114
1115
1116
1116
1117
1120
1120
1121
1122
1123
1124
1124
1125
1125
1125
1126
1126
1126
1127
1127
1128
1128
1129
1129
1130
1131
1131
1131
1131
1131
1132
1133
1133
1134
1134
1135
1135
1135
1136
1137
1138
1139
1139
1139
1141
1141
1141
1141
1141
1141
1142
1142
1143
1144
1144
1144
1144
1144
1145
1145
1146
1146
1146
1146
1147
1147
1149
1150
1151
1151
1151
1153
1153
1154
1154
1155
1157
1158
1158
1159
1159
1159
1161
1161
1161
1161
1161
1162
1162
1162
1162
1163
1163
1163
1164
1166
1166
1166
1167
1168
1168
1170
1170
1171
1171
1171
1172
1173
1173
1174
1174
1175
1175
1175
1176
1176
1178
1179
1179
1179
1179
1179
1179
1179
1181
1181
1182
1182
1183
1183
1184
1184
1184
1184
1185
1185
1186
1186
1187
1188
1189
1190
1190
1191
1191
1192
1193
1193
1193
1194
1194
1195
1195
1196
1196
1196
1197
1197
1198
1198
1198
1199
1200
1200
1200
1200
1201
1201
1201
1202
1202
1203
1204
1204
1204
1205
1205
1205
1205
1206
1208
1209
1209
1210
1210
1210
1210
1210
1211
1211
1211
1211
1211
1212
1212
1212
1213
1213
1214
1215
1216
1216
1217
1218
1218
1218
1219
1219
1219
1219
1220
1220
1221
1222
1223
1224
1225
1225
1226
1228
1228
1229
1231
1232
1232
1232
1232
1232
1232
1234
1234
1234
1236
1236
1236
1237
1238
1239
1239
1240
1242
1243
1243
1243
1244
1244
1244
1245
1246
1247
1247
1248
1248
1248
1249
1249
1249
1250
1252
1253
1253
1254
1254
1254
1256
1256
1257
1258
1260
1263
1264
1264
1265
1266
1267
1267
1268
1268
1270
1270
1270
1270
1271
1272
1273
1273
1275
1276
1277
1277
1279
1279
1282
1282
1282
1282
1283
1283
1283
1283
1283
1284
1284
1285
1286
1287
1287
1287
1287
1288
1288
1288
1289
1289
1289
1289
1290
1291
1291
1292
1293
1293
1293
1294
1295
1296
1296
1297
1297
1298
1298
1299
1299
1300
1301
1301
1301
1304
1305
1306
1307
1307
1308
1308
1308
1309
1309
1310
1311
1311
1311
1311
1312
1312
1313
1313
1313
1314
1314
1314
1315
1315
1316
1317
1318
1319
1320
1325
1325
1325
1325
1326
1326
1327
1327
1328
1328
1330
1330
1331
1331
1331
1333
1334
1335
1336
1336
1336
1337
1337
1339
1340
1340
1341
1342
1342
1343
1343
1344
1344
1344
1344
1345
1346
1347
1348
1350
1350
1351
1351
1351
1353
1354
1354
1355
1355
1355
1356
1356
1356
1356
1356
1357
1358
1360
1360
1361
1361
1362
1362
1363
1364
1367
1367
1368
1368
1368
1368
1369
1369
1369
1370
1370
1370
1371
1371
1371
1371
1372
1372
1373
1374
1375
1375
1376
1376
1378
1379
1380
1381
1381
1382
1382
1384
1385
1386
1386
1387
1389
1390
1391
1392
1392
1392
1392
1393
1393
1393
1393
1396
1396
1397
1397
1397
1398
1398
1399
1399
1401
1402
1402
1405
1405
1407
1408
1408
1409
1409
1409
1409
1409
1410
1411
1412
1412
1414
1414
1415
1416
1416
1416
1416
1420
1420
1420
1421
1423
1423
1423
1423
1424
1425
1426
1427
1427
1428
1428
1428
1430
1431
1431
1432
1434
1434
1434
1437
1438
1438
1439
1440
1440
1442
1442
1443
1443
1443
1445
1447
1448
1451
1452
1453
1455
1455
1455
1457
1458
1458
1458
1460
1461
1461
1462
1463
1463
1463
1465
1466
1468
1468
1469
1470
1472
1472
1473
1473
1476
1477
1477
1478
1479
1480
1480
1482
1482
1483
1483
1484
1484
1484
1485
1485
1488
1488
1489
1490
1490
1490
1490
1493
1493
1494
1494
1494
1494
1494
1498
1498
1500
1500
1501
1502
1504
1504
1504
1505
1505
1506
1506
1507
1510
1512
1512
1513
1514
1514
1514
1515
1515
1518
1518
1518
1521
1521
1521
1522
1522
1523
1525
1525
1525
1526
1527
1529
1530
1532
1532
1534
1534
1534
1535
1535
1536
1536
1536
1536
1537
1537
1538
1539
1539
1540
1541
1542
1542
1544
1545
1545
1548
1548
1548
1551
1552
1553
1554
1554
1556
1557
1558
1558
1561
1561
1562
1565
1565
1565
1565
1566
1568
1569
1570
1571
1571
1571
1571
1572
1572
1573
1574
1575
1576
1576
1576
1576
1577
1577
1578
1579
1579
1584
1585
1586
1588
1589
1591
1591
1593
1593
1594
1594
1595
1595
1596
1596
1597
1598
1598
1598
1599
1599
1603
1604
1604
1604
1605
1606
1606
1607
1608
1608
1610
1610
1612
1612
1612
1613
1613
1613
1614
1614
1614
1615
1615
1615
1615
1617
1618
1619
1620
1623
1623
1624
1624
1625
1626
1626
1627
1628
1629
1630
1632
1633
1633
1634
1634
1637
1637
1637
1637
1639
1640
1643
1643
1643
1644
1644
1645
1646
1646
1647
1648
1648
1648
1649
1650
1650
1651
1652
1652
1653
1656
1656
1659
1659
1660
1661
1662
1663
1663
1664
1664
1664
1665
1665
1665
1666
1666
1668
1670
1670
1671
1672
1673
1673
1676
1676
1678
1678
1678
1679
1679
1679
1681
1682
1687
1688
1689
1690
1691
1693
1694
1694
1695
1696
1697
1697
1697
1700
1700
1700
1701
1702
1703
1703
1704
1705
1707
1708
1708
1710
1711
1711
1711
1712
1712
1713
1714
1714
1714
1714
1714
1715
1715
1716
1716
1716
1716
1717
1718
1719
1719
1721
1721
1722
1722
1722
1722
1724
1725
1728
1729
1730
1732
1732
1733
1733
1734
1734
1735
1735
1735
1735
1736
1737
1737
1738
1738
1738
1739
1740
1740
1742
1743
1746
1746
1747
1747
1749
1749
1751
1757
1757
1758
1759
1760
1761
1764
1765
1766
1767
1768
1768
1768
1769
1769
1772
1774
1777
1777
1778
1778
1779
1779
1780
1781
1781
1783
1783
1785
1786
1786
1786
1788
1788
1790
1790
1790
1790
1791
1794
1795
1796
1797
1797
1797
1799
1799
1800
1802
1803
1807
1807
1808
1812
1814
1814
1815
1817
1818
1818
1819
1820
1823
1825
1826
1827
1829
1829
1829
1831
1831
1832
1832
1832
1832
1833
1834
1836
1838
1839
1839
1839
1839
1840
1841
1842
1842
1842
1843
1844
1845
1845
1846
1847
1848
1848
1849
1850
1851
1852
1852
1852
1852
1853
1854
1854
1854
1855
1855
1856
1856
1857
1857
1857
1858
1858
1858
1858
1859
1859
1860
1861
1863
1863
1863
1863
1864
1865
1866
1866
1867
1868
1868
1868
1869
1870
1870
1871
1871
1872
1872
1875
1875
1877
1881
1881
1881
1881
1882
1882
1882
1883
1884
1884
1885
1885
1886
1887
1890
1892
1892
1894
1895
1898
1899
1899
1900
1902
1902
1902
1903
1904
1905
1905
1905
1907
1908
1910
1910
1910
1911
1911
1911
1911
1912
1913
1913
1913
1914
1914
1915
1916
1916
1917
1918
1918
1918
1918
1919
1921
1922
1923
1924
1925
1926
1926
1927
1927
1927
1928
1931
1931
1932
1932
1933
1934
1934
1935
1936
1937
1937
1940
1942
1944
1944
1945
1946
1948
1948
1949
1949
1950
1950
1950
1952
1954
1954
1956
1956
1957
1958
1959
1959
1960
1961
1961
1962
1963
1964
1965
1966
1966
1969
1971
1971
1971
1972
1972
1973
1975
1976
1976
1976
1976
1977
1977
1978
1978
1979
1979
1979
1981
1981
1982
1982
1984
1984
1985
1987
1987
1987
1988
1988
1989
1990
1991
1992
1994
1996
1996
1999
1999
2002
2004
2005
2008
2009
2011
2011
2011
2012
2012
2015
2015
2015
2016
2016
2020
2021
2021
2022
2022
2023
2023
2023
2024
2025
2025
2028
2029
2030
2031
2031
2033
2034
2036
2036
2038
2038
2038
2039
2040
2040
2044
2044
2044
2044
2046
2046
2046
2047
2047
2049
2050
2050
2051
2051
2052
2053
2053
2057
2058
2060
2061
2062
2065
2065
2065
2066
2066
2067
2067
2068
2068
2070
2071
2072
2072
2072
2074
2074
2074
2075
2077
2077
2078
2078
2079
2080
2082
2082
2083
2084
2084
2085
2085
2088
2089
2090
2090
2090
2092
2092
2094
2094
2095
2095
2096
2097
2097
2099
2100
2101
2102
2102
2102
2102
2103
2105
2106
2106
2107
2107
2107
2107
2108
2108
2109
2111
2112
2112
2113
2114
2115
2115
2117
2120
2120
2121
2121
2122
2122
2122
2123
2123
2123
2124
2125
2125
2126
2127
2127
2127
2127
2127
2127
2128
2128
2131
2133
2134
2136
2138
2139
2140
2140
2140
2140
2141
2141
2141
2142
2142
2143
2144
2144
2144
2145
2145
2146
2146
2147
2149
2149
2149
2149
2150
2151
2151
2153
2153
2153
2153
2153
2153
2154
2155
2156
2156
2157
2157
2158
2159
2159
2160
2161
2163
2163
2164
2165
2165
2166
2167
2168
2168
2168
2172
2172
2173
2173
2175
2176
2177
2178
2183
2184
2186
2186
2187
2187
2193
2193
2193
2194
2195
2196
2198
2199
2202
2202
2202
2202
2204
2206
2207
2207
2208
2210
2210
2210
2211
2212
2214
2215
2215
2216
2217
2217
2219
2219
2219
2220
2221
2222
2224
2226
2226
2226
2227
2229
2229
2232
2232
2233
2234
2235
2237
2238
2238
2239
2240
2240
2243
2245
2246
2247
2247
2248
2248
2251
2253
2254
2256
2258
2259
2259
2260
2261
2263
2266
2266
2267
2267
2267
2269
2271
2271
2273
2274
2275
2275
2275
2277
2277
2277
2278
2278
2279
2279
2280
2280
2281
2281
2281
2282
2282
2283
2287
2288
2290
2290
2297
2300
2300
2301
2302
2302
2303
2303
2305
2307
2308
2310
2311
2311
2312
2313
2313
2314
2316
2317
2318
2319
2321
2322
2323
2325
2325
2325
2327
2328
2331
2333
2333
2337
2338
2339
2339
2340
2340
2341
2342
2342
2342
2343
2343
2344
2344
2347
2350
2351
2351
2352
2352
2352
2355
2356
2357
2358
2360
2360
2365
2365
2366
2366
2369
2369
2374
2376
2379
2380
2380
2388
2389
2392
2393
2393
2394
2396
2397
2397
2397
2397
2399
2400
2401
2401
2401
2402
2403
2404
2404
2408
2408
2408
2408
2409
2409
2412
2412
2413
2413
2416
2416
2416
2417
2419
2420
2420
2422
2423
2425
2425
2426
2426
2428
2429
2429
2431
2431
2431
2432
2432
2434
2435
2435
2440
2440
2441
2441
2442
2443
2443
2444
2444
2446
2446
2447
2448
2448
2450
2450
2451
2451
2452
2452
2454
2455
2456
2457
2461
2462
2466
2467
2467
2468
2471
2472
2473
2474
2474
2475
2476
2476
2476
2477
2477
2477
2479
2479
2479
2479
2479
2480
2480
2480
2480
2483
2483
2486
2488
2489
2489
2491
2494
2494
2494
2495
2498
2499
2501
2503
2505
2506
2507
2507
2510
2511
2511
2512
2512
2512
2516
2516
2518
2520
2520
2521
2521
2523
2524
2526
2527
2528
2529
2532
2532
2532
2533
2534
2534
2535
2535
2535
2539
2540
2540
2540
2541
2544
2544
2545
2545
2547
2547
2547
2548
2550
2550
2550
2551
2551
2553
2553
2554
2554
2556
2556
2557
2559
2560
2561
2561
2564
2565
2566
2567
2567
2567
2567
2569
2569
2570
2572
2572
2573
2574
2574
2576
2577
2577
2580
2580
2581
2581
2581
2582
2583
2583
2583
2585
2586
2586
2587
2587
2589
2589
2590
2590
2591
2592
2592
2593
2593
2594
2594
2595
2595
2597
2597
2599
2600
2600
2600
2608
2609
2610
2610
2611
2613
2614
2614
2614
2615
2617
2618
2620
2621
2621
2621
2623
2629
2631
2631
2633
2633
2635
2636
2637
2639
2639
2640
2642
2643
2644
2645
2645
2646
2647
2649
2650
2651
2652
2652
2652
2654
2654
2655
2658
2660
2661
2662
2665
2667
2668
2668
2668
2668
2669
2669
2669
2671
2672
2672
2674
2678
2679
2679
2681
2682
2682
2687
2691
2694
2696
2696
2696
2698
2701
2701
2707
2707
2708
2711
2712
2712
2712
2714
2714
2714
2715
2717
2719
2719
2720
2720
2720
2720
2723
2724
2725
2727
2728
2730
2731
2732
2732
2733
2734
2735
2739
2739
2739
2740
2742
2743
2745
2745
2746
2748
2749
2749
2749
2751
2751
2752
2752
2755
2759
2761
2761
2763
2767
2769
2770
2770
2771
2773
2774
2774
2775
2776
2779
2783
2786
2787
2787
2788
2789
2790
2792
2794
2796
2797
2797
2797
2802
2803
2805
2806
2806
2808
2810
2811
2811
2815
2815
2816
2822
2823
2824
2825
2827
2828
2828
2828
2830
2830
2832
2832
2836
2836
2841
2842
2844
2846
2847
2851
2852
2852
2853
2855
2858
2859
2859
2860
2861
2861
2863
2865
2872
2878
2878
2879
2879
2880
2881
2882
2883
2885
2885
2886
2887
2889
2891
2892
2892
2895
2898
2898
2901
2902
2906
2907
2907
2910
2910
2911
2914
2915
2916
2916
2918
2918
2918
2921
2921
2924
2924
2928
2928
2931
2931
2935
2936
2937
2939
2939
2940
2941
2943
2943
2944
2947
2948
2949
2950
2951
2955
2955
2956
2956
2957
2957
2963
2964
2965
2967
2968
2969
2972
2973
2974
2975
2976
2979
2980
2982
2982
2983
2983
2984
2984
2988
2990
2991
2992
2994
2995
2996
2998
2999
2999
2999
3000
3003
3004
3004
3007
3007
3010
3011
3012
3013
3014
3015
3016
3016
3017
3017
3019
3019
3019
3020
3020
3022
3024
3025
3026
3027
3029
3029
3029
3031
3031
3031
3033
3034
3035
3042
3046
3051
3052
3052
3053
3054
3056
3056
3058
3059
3065
3068
3070
3073
3075
3076
3077
3079
3080
3082
3084
3085
3085
3086
3087
3089
3091
3093
3094
3094
3096
3096
3098
3099
3099
3101
3101
3104
3107
3108
3110
3111
3115
3116
3120
3120
3122
3122
3122
3125
3125
3127
3128
3129
3129
3130
3133
3136
3137
3141
3141
3144
3144
3145
3146
3147
3151
3152
3153
3155
3162
3164
3167
3171
3174
3175
3180
3182
3183
3184
3187
3188
3189
3192
3192
3193
3198
3199
3201
3201
3204
3206
3206
3208
3208
3209
3209
3210
3212
3214
3214
3215
3216
3217
3219
3220
3222
3222
3223
3226
3228
3228
3229
3232
3233
3239
3239
3239
3239
3240
3242
3242
3244
3245
3245
3246
3246
3247
3248
3249
3250
3251
3253
3258
3258
3258
3259
3260
3262
3266
3269
3271
3272
3272
3273
3274
3274
3275
3276
3278
3279
3280
3284
3284
3287
3292
3294
3296
3299
3300
3300
3302
3304
3304
3304
3305
3305
3311
3312
3312
3313
3314
3317
3325
3327
3328
3330
3332
3334
3340
3343
3346
3348
3351
3351
3356
3357
3359
3360
3368
3369
3372
3373
3377
3380
3382
3384
3387
3388
3391
3391
3394
3399
3399
3402
3405
3408
3410
3410
3412
3413
3413
3415
3417
3418
3418
3419
3420
3422
3423
3425
3426
3426
3430
3432
3437
3439
3440
3442
3442
3442
3444
3444
3446
3447
3455
3455
3457
3463
3467
3468
3468
3468
3468
3473
3474
3475
3481
3481
3481
3482
3483
3490
3497
3504
3505
3507
3508
3509
3511
3512
3514
3515
3517
3517
3517
3517
3517
3518
3522
3523
3524
3526
3527
3527
3527
3529
3529
3531
3531
3533
3535
3538
3538
3538
3538
3540
3541
3542
3543
3548
3548
3548
3552
3552
3557
3557
3558
3560
3568
3569
3573
3574
3575
3577
3582
3583
3583
3586
3588
3594
3596
3599
3599
3600
3602
3604
3608
3610
3615
3617
3623
3624
3624
3629
3630
3631
3632
3639
3639
3643
3645
3645
3647
3648
3649
3651
3655
3658
3659
3661
3661
3662
3668
3670
3671
3673
3676
3677
3678
3680
3680
3680
3682
3683
3685
3690
3696
3701
3703
3703
3707
3708
3711
3712
3722
3724
3725
3726
3726
3727
3733
3738
3739
3739
3741
3742
3749
3751
3751
3754
3757
3762
3762
3763
3767
3775
3779
3779
3780
3786
3786
3787
3791
3792
3792
3792
3792
3794
3794
3794
3796
3797
3799
3800
3803
3806
3808
3808
3809
3816
3823
3828
3829
3830
3832
3832
3833
3840
3844
3845
3845
3845
3846
3847
3852
3853
3857
3857
3861
3862
3864
3866
3867
3869
3869
3870
3871
3873
3874
3878
3878
3879
3880
3881
3884
3886
3886
3889
3898
3899
3900
3902
3904
3906
3907
3918
3920
3922
3923
3927
3928
3928
3932
3933
3939
3939
3941
3943
3945
3946
3950
3953
3957
3966
3967
3970
3970
3973
3973
3974
3977
3982
3985
3987
3989
3990
3990
3991
3991
3992
3996
3998
3999
3999
4001
4001
4001
4003
4007
4008
4009
4009
4011
4011
4011
4011
4013
4017
4021
4031
4034
4035
4037
4037
4038
4039
4044
4046
4048
4048
4050
4052
4053
4054
4057
4059
4059
4060
4060
4065
4068
4073
4074
4075
4076
4077
4080
4080
4083
4085
4086
4092
4092
4093
4094
4095
4096
4102
4104
4104
4107
4114
4116
4118
4118
4122
4128
4128
4128
4130
4137
4141
4143
4144
4145
4145
4146
4147
4148
4150
4150
4157
4158
4159
4160
4168
4174
4174
4175
4177
4178
4179
4181
4184
4186
4188
4189
4190
4191
4193
4194
4194
4194
4196
4201
4201
4203
4203
4207
4208
4214
4223
4225
4225
4226
4226
4228
4230
4233
4240
4241
4243
4247
4248
4249
4251
4255
4258
4261
4262
4266
4270
4271
4274
4274
4275
4283
4284
4288
4288
4293
4293
4295
4304
4305
4308
4309
4309
4314
4317
4318
4322
4323
4323
4325
4332
4333
4345
4346
4350
4352
4352
4354
4361
4363
4377
4378
4385
4389
4399
4401
4402
4404
4405
4406
4408
4409
4410
4412
4413
4415
4416
4419
4420
4420
4421
4427
4428
4431
4432
4435
4437
4440
4441
4442
4445
4450
4450
4455
4459
4462
4464
4465
4469
4472
4482
4483
4486
4488
4490
4491
4491
4491
4498
4502
4506
4510
4512
4517
4518
4520
4520
4527
4528
4528
4533
4533
4535
4535
4536
4536
4538
4546
4546
4549
4552
4556
4556
4563
4564
4564
4569
4570
4574
4575
4579
4580
4581
4583
4592
4593
4602
4603
4604
4609
4609
4617
4621
4621
4625
4629
4634
4634
4635
4637
4640
4640
4642
4651
4651
4652
4653
4654
4656
4662
4667
4668
4672
4673
4673
4683
4687
4694
4694
4707
4723
4725
4725
4727
4741
4747
4747
4750
4752
4757
4761
4762
4764
4765
4771
4771
4773
4775
4776
4776
4777
4778
4780
4780
4783
4786
4792
4793
4801
4812
4812
4814
4823
4825
4831
4832
4833
4845
4855
4859
4860
4863
4866
4869
4870
4871
4871
4872
4875
4878
4880
4885
4885
4893
4896
4901
4903
4908
4916
4923
4926
4926
4930
4932
4941
4945
4953
4953
4958
4961
4970
4974
4980
4982
4983
4986
4986
4988
4991
4993
4994
4994
4996
4997
5002
5005
5010
5011
5012
5012
5025
5027
5029
5029
5033
5034
5039
5042
5045
5056
5057
5057
5067
5072
5079
5082
5084
5089
5097
5100
5101
5103
5111
5113
5117
5117
5119
5125
5128
5130
5137
5137
5143
5147
5149
5151
5156
5157
5159
5162
5167
5170
5175
5175
5176
5187
5188
5190
5191
5192
5193
5196
5207
5209
5214
5222
5223
5225
5227
5229
5232
5233
5236
5246
5252
5268
5271
5273
5274
5275
5276
5277
5278
5280
5281
5284
5289
5292
5293
5298
5302
5305
5305
5319
5319
5328
5331
5332
5335
5339
5339
5344
5346
5347
5352
5354
5375
5383
5383
5388
5396
5397
5401
5407
5410
5412
5416
5426
5428
5431
5431
5432
5433
5436
5444
5457
5465
5470
5483
5486
5492
5497
5503
5509
5520
5521
5521
5521
5525
5526
5539
5544
5553
5556
5557
5560
5562
5570
5570
5578
5591
5592
5593
5593
5595
5597
5597
5602
5605
5613
5620
5621
5624
5627
5630
5631
5631
5637
5648
5666
5667
5667
5668
5670
5680
5689
5689
5690
5702
5705
5719
5719
5722
5730
5732
5734
5739
5740
5745
5745
5750
5751
5752
5753
5754
5757
5759
5760
5770
5781
5782
5800
5801
5802
5805
5811
5814
5814
5827
5827
5827
5827
5833
5835
5835
5836
5839
5840
5846
5852
5858
5859
5866
5869
5870
5872
5875
5883
5898
5904
5906
5909
5915
5923
5923
5928
5929
5933
5934
5939
5946
5954
5955
5957
5960
5968
5969
5970
5974
5975
5987
5988
5994
5994
5994
6002
6003
6005
6005
6006
6007
6007
6017
6019
6021
6034
6036
6036
6042
6044
6048
6049
6051
6055
6056
6060
6062
6064
6070
6075
6082
6084
6105
6107
6112
6115
6116
6116
6119
6121
6125
6132
6135
6137
6137
6137
6140
6140
6151
6151
6153
6155
6156
6167
6171
6172
6178
6180
6182
6185
6187
6187
6190
6204
6208
6215
6218
6223
6224
6224
6224
6226
6233
6233
6243
6246
6249
6254
6264
6267
6270
6274
6276
6286
6293
6297
6313
6320
6323
6325
6332
6340
6340
6342
6351
6352
6364
6370
6372
6373
6376
6383
6385
6387
6388
6388
6389
6390
6392
6398
6402
6405
6405
6421
6422
6430
6430
6435
6436
6439
6443
6453
6457
6465
6496
6522
6532
6533
6536
6547
6550
6554
6557
6569
6571
6576
6584
6586
6589
6597
6603
6606
6612
6614
6620
6623
6624
6629
6629
6630
6639
6650
6668
6675
6681
6683
6689
6700
6702
6706
6707
6708
6713
6722
6733
6733
6741
6742
6748
6758
6779
6780
6782
6790
6790
6793
6809
6815
6816
6820
6822
6823
6831
6840
6846
6852
6853
6876
6878
6880
6881
6883
6886
6890
6909
6910
6925
6937
6954
6968
6970
6971
6978
6984
6992
6999
7010
7016
7020
7024
7026
7047
7049
7049
7054
7060
7062
7063
7063
7066
7071
7079
7079
7084
7086
7089
7092
7093
7098
7106
7122
7129
7131
7142
7142
7144
7150
7175
7182
7182
7186
7194
7205
7206
7212
7216
7219
7231
7245
7245
7250
7271
7272
7285
7286
7299
7301
7303
7304
7316
7321
7335
7339
7347
7349
7359
7361
7368
7370
7380
7382
7402
7424
7425
7436
7446
7457
7459
7461
7462
7465
7470
7472
7482
7483
7483
7490
7500
7502
7517
7523
7533
7552
7558
7561
7564
7564
7566
7570
7571
7571
7578
7582
7589
7590
7597
7607
7618
7624
7626
7628
7632
7641
7649
7666
7682
7682
7683
7687
7698
7702
7703
7704
7705
7710
7718
7721
7724
7725
7727
7741
7753
7760
7769
7782
7792
7794
7806
7813
7813
7820
7831
7836
7837
7840
7843
7846
7854
7855
7858
7863
7864
7876
7879
7882
7900
7906
7907
7911
7912
7922
7954
7957
7967
7972
7973
7986
7997
8016
8017
8019
8021
8034
8040
8056
8059
8075
8077
8077
8094
8099
8112
8118
8127
8132
8142
8156
8164
8176
8185
8192
8193
8197
8201
8203
8209
8212
8225
8226
8231
8235
8254
8255
8260
8269
8274
8275
8276
8282
8296
8301
8301
8313
8313
8354
8367
8380
8381
8385
8386
8391
8392
8398
8399
8412
8425
8427
8450
8459
8462
8485
8498
8499
8501
8505
8521
8522
8524
8526
8526
8538
8541
8546
8549
8551
8557
8566
8589
8590
8611
8617
8637
8650
8655
8659
8666
8670
8674
8675
8682
8683
8699
8701
8715
8724
8727
8729
8735
8741
8754
8762
8767
8781
8793
8813
8814
8815
8816
8825
8827
8827
8828
8833
8838
8842
8843
8844
8845
8857
8858
8867
8872
8872
8877
8877
8880
8881
8885
8885
8885
8894
8903
8903
8907
8910
8916
8923
8931
8953
8959
8961
8961
8964
8967
8987
8988
8990
8994
8995
9009
9022
9024
9027
9029
9030
9034
9035
9051
9058
9060
9061
9067
9074
9080
9118
9123
9131
9146
9146
9147
9151
9160
9160
9162
9165
9168
9170
9174
9174
9185
9187
9195
9201
9203
9205
9210
9213
9222
9229
9240
9242
9250
9250
9264
9281
9295
9301
9303
9305
9317
9322
9330
9335
9348
9350
9351
9354
9357
9377
9400
9402
9414
9417
9418
9421
9424
9438
9441
9445
9449
9470
9490
9507
9512
9520
9524
9524
9544
9546
9551
9574
9589
9591
9596
9600
9614
9615
9625
9627
9637
9645
9647
9648
9649
9654
9654
9660
9662
9666
9676
9677
9678
9695
9696
9713
9714
9752
9767
9782
9784
9802
9809
9817
9831
9836
9838
9841
9845
9848
9849
9857
9866
9876
9885
9889
9896
9898
9903
9931
9948
9952
9957
9981
9995
9995
10007
10035
10057
10059
10066
10069
10075
10078
10092
10105
10107
10119
10123
10129
10130
10134
10137
10138
10150
10154
10159
10160
10164
10165
10165
10180
10186
10187
10191
10193
10196
10200
10203
10207
10233
10241
10242
10244
10246
10249
10256
10279
10288
10297
10313
10317
10319
10336
10337
10343
10347
10351
10353
10355
10365
10372
10380
10386
10391
10392
10395
10399
10411
10416
10417
10422
10433
10437
10439
10444
10448
10459
10460
10460
10467
10467
10477
10489
10500
10517
10518
10522
10522
10526
10537
10538
10551
10563
10570
10577
10581
10602
10602
10603
10606
10606
10610
10613
10615
10615
10621
10628
10633
10636
10644
10651
10652
10652
10655
10658
10664
10664
10665
10667
10670
10674
10675
10704
10705
10706
10709
10728
10732
10740
10744
10751
10752
10752
10758
10781
10784
10793
10796
10801
10819
10824
10825
10825
10851
10851
10861
10868
10885
10885
10890
10895
10921
10931
10938
10956
10964
10964
10968
10976
10978
10981
10988
11016
11019
11024
11028
11032
11033
11034
11037
11039
11040
11045
11050
11052
11056
11057
11062
11071
11078
11080
11090
11094
11095
11096
11100
11105
11111
11112
11116
11120
11126
11127
11134
11136
11140
11141
11144
11155
11157
11167
11176
11178
11181
11184
11184
11187
11191
11200
11200
11214
11216
11217
11219
11223
11228
11235
11241
11244
11248
11267
11277
11286
11289
11290
11290
11299
11304
11325
11331
11339
11340
11342
11369
11371
11376
11384
11388
11397
11411
11413
11422
11439
11446
11473
11481
11484
11488
11495
11497
11499
11501
11502
11508
11509
11536
11537
11539
11551
11559
11568
11569
11587
11589
11615
11615
11622
11627
11628
11630
11634
11636
11694
11701
11703
11703
11731
11732
11745
11747
11749
11752
11752
11763
11794
11801
11811
11825
11828
11833
11868
11873
11876
11887
11889
11894
11904
11906
11907
11908
11911
11915
11932
11935
11952
11953
11956
11957
11970
11984
11992
11996
11999
12005
12019
12020
12026
12042
12042
12052
12052
12053
12056
12062
12062
12062
12068
12071
12083
12090
12095
12099
12100
12101
12103
12104
12106
12114
12117
12139
12141
12157
12157
12162
12167
12168
12169
12175
12184
12188
12189
12206
12214
12217
12247
12259
12268
12279
12282
12283
12285
12292
12293
12295
12299
12305
12307
12308
12336
12339
12388
12389
12395
12397
12405
12413
12419
12426
12430
12442
12446
12452
12456
12457
12469
12473
12483
12486
12495
12520
12527
12533
12538
12550
12628
12638
12641
12655
12680
12689
12691
12699
12709
12712
12718
12724
12738
12791
12796
12796
12800
12822
12822
12823
12826
12832
12853
12863
12881
12888
12933
12939
12958
12961
12980
12997
13005
13006
13013
13014
13016
13029
13038
13058
13058
13072
13073
13079
13085
13102
13108
13111
13118
13153
13155
13158
13171
13174
13195
13200
13223
13223
13231
13235
13242
13252
13256
13261
13282
13286
13293
13320
13322
13328
13366
13396
13418
13462
13478
13479
13480
13494
13507
13546
13551
13562
13576
13590
13594
13607
13617
13631
13641
13664
13681
13686
13699
13703
13705
13718
13719
13730
13776
13792
13798
13805
13810
13824
13856
13897
13897
13900
13904
13918
13929
13949
13956
13975
13987
14008
14014
14026
14028
14030
14035
14075
14082
14091
14095
14127
14128
14128
14131
14151
14154
14166
14166
14167
14175
14179
14188
14195
14205
14215
14235
14269
14270
14288
14301
14318
14320
14338
14342
14343
14358
14363
14371
14388
14406
14411
14417
14423
14426
14433
14461
14469
14476
14478
14483
14486
14486
14502
14505
14508
14541
14549
14551
14573
14576
14588
14596
14617
14634
14638
14639
14655
14668
14704
14718
14719
14721
14730
14749
14754
14761
14779
14789
14815
14833
14835
14868
14893
14898
14911
14912
14925
14935
14947
14949
14957
14960
15008
15009
15021
15024
15031
15040
15054
15074
15082
15083
15094
15095
15096
15112
15121
15123
15136
15162
15162
15162
15184
15184
15225
15262
15274
15281
15282
15302
15405
15419
15421
15434
15453
15483
15485
15495
15496
15499
15501
15515
15539
15561
15602
15635
15636
15646
15683
15687
15733
15829
15843
15856
15861
15880
15882
15901
15908
15913
15923
15930
15954
15969
16000
16010
16047
16058
16069
16097
16100
16110
16125
16139
16149
16183
16218
16229
16261
16263
16275
16333
16367
16377
16441
16457
16491
16492
16523
16524
16532
16537
16553
16572
16625
16645
16671
16677
16678
16688
16779
16784
16812
16819
16836
16837
16878
16884
16908
16915
16952
16963
16975
16991
16993
17007
17012
17015
17077
17124
17130
17162
17165
17202
17216
17225
17246
17254
17269
17346
17386
17458
17561
17563
17565
17572
17574
17582
17620
17633
17638
17669
17670
17678
17690
17703
17710
17742
17767
17802
17804
17815
17844
17864
17876
17891
17900
17905
17909
17938
17957
17961
17990
18011
18011
18026
18058
18065
18108
18111
18141
18144
18146
18198
18202
18212
18219
18237
18251
18271
18394
18420
18431
18463
18468
18476
18483
18509
18566
18577
18589
18596
18615
18624
18639
18656
18707
18725
18734
18749
18750
18755
18775
18790
18794
18802
18812
18812
18820
18823
18831
18833
18837
18837
18838
18858
18880
18883
18885
18908
18943
18998
19009
19039
19077
19156
19179
19195
19226
19226
19260
19262
19301
19314
19326
19340
19345
19356
19438
19452
19477
19484
19502
19526
19567
19574
19613
19636
19637
19658
19674
19696
19700
19709
19805
19821
19841
19841
19845
19846
19878
19902
19930
19993
20012
20075
20101
20104
20111
20205
20312
20368
20393
20397
20397
20423
20437
20441
20450
20478
20490
20504
20507
20511
20530
20563
20576
20610
20652
20744
20780
20814
20877
20886
20924
20943
20972
20985
21005
21016
21044
21060
21067
21077
21085
21111
21124
21153
21178
21192
21273
21284
21288
21290
21295
21308
21394
21397
21401
21428
21467
21512
21537
21561
21607
21669
21749
21794
21826
21833
21858
21904
22013
22024
22032
22072
22094
22105
22124
22130
22306
22310
22446
22480
22489
22505
22526
22602
22609
22633
22681
22694
22696
22766
22782
22794
22881
22921
22944
22984
23066
23119
23168
23217
23243
23255
23268
23277
23281
23298
23333
23445
23474
23514
23521
23635
23649
23674
23714
23842
23902
23912
23949
23957
24005
24050
24110
24129
24142
24158
24200
24206
24217
24270
24271
24331
24551
24559
24698
24721
24722
24753
24759
24782
24800
24846
24874
24925
24942
24959
25010
25022
25024
25055
25061
25118
25234
25265
25276
25296
25385
25400
25493
25498
25501
25507
25545
25592
25605
25683
25704
25727
25735
25788
25865
25952
26105
26112
26113
26124
26209
26260
26283
26312
26415
26434
26434
26487
26490
26631
26749
26780
26866
26886
26905
26995
27023
27037
27115
27137
27299
27352
27444
27448
27747
27792
27794
27841
27850
27856
27900
27961
27967
28028
28106
28209
28216
28241
28445
28466
28480
28523
28740
28793
28825
28863
28890
28894
29105
29115
29124
29177
29211
29575
29608
29710
29752
29759
29861
29967
29985
29991
30028
30055
30116
30151
30292
30342
30362
30367
30386
30390
30396
30406
30499
30556
30612
30739
30751
30762
30786
30884
30916
30940
30953
31023
31101
31349
31362
31400
31487
31644
31727
31936
32084
32087
32314
32316
32324
32382
32399
32411
32494
32529
32554
32901
32936
32957
33385
33405
33424
33430
33440
33458
33526
33582
33595
33857
33893
33903
33974
34208
34213
34313
34339
34365
34393
34419
34583
34606
34610
35093
35372
35377
35418
35466
35494
35578
35715
35742
35791
36010
36160
36185
36308
36574
36792
36959
37104
37128
37130
37205
37341
37361
37527
37552
37591
37765
37799
37817
37969
38118
38290
38448
38458
38546
38651
38670
38702
38903
38959
39078
39113
39173
39245
39535
39726
39801
39814
40014
40053
40146
40154
40190
40561
40573
40827
40887
40953
41107
41328
41370
41532
41835
41883
42290
42313
42335
42514
42590
42781
43003
43611
43641
43677
43796
43906
43918
44312
44384
44431
44666
44698
44735
45143
45388
45560
46275
46429
46602
46688
46692
46718
46772
46819
46939
47174
47326
47392
47397
47947
48016
48114
48584
48745
48914
48938
49046
49098
49450
49811
50138
50642
50740
51203
51276
51787
51832
51971
52090
52111
52426
52754
52778
53346
53600
53686
54107
54192
54443
54537
55902
56381
56574
56708
57099
57456
57567
57750
57979
58064
58296
58298
59259
59405
59807
62031
62169
62426
62677
62865
63150
63192
63304
63863
63928
64139
64307
64463
64478
65828
66106
66482
66549
67871
68140
68418
68571
68739
69016
69030
70927
71413
71962
71982
72157
73113
73849
75110
77826
78035
78205
79105
81274
81493
81616
81790
85928
86096
86316
87948
88422
88796
89037
89923
90217
92251
95464
96692
96824
96939
97328
98774
100511
100760
100943
101741
104005
104368
106694
107419
113725
114114
116884
123540
124471
126106
126399
127271
131176
132237
133613
134323
140039
150308
150905
152734
152924
162297
171218
173615
180329
190413
220926
233787
235287
304276
343607
346541
357057
375178
753662
54825596

